do=0.6029484143486863
init_do=3568.0
init_pressure=1018.85
lat=None
lng=None
pid=unk25
pressure=[1027.582258064516]
sid=af15
temp=[69.87096774193549]
batt_v=3.57
type=truck
ysi_do=0
message_time=20250710_21:33:14
