do=0.6150111554425265
init_do=3568.0
init_pressure=1020.14
lat=None
lng=None
pid=unk25
pressure=[1028.9694736842107]
sid=af15
temp=[70.53157894736842]
batt_v=4.09
type=truck
ysi_do=0.0002064236500446249
message_time=20250711_18:51:08
