do=0.5874139996432892
init_do=3568.0
init_pressure=1021.2
lat=None
lng=None
pid=unk25
pressure=[1029.845294117647]
sid=af15
temp=[70.32058823529414]
batt_v=3.47
type=truck
ysi_do=0
message_time=20250711_14:35:42
