do=0.5677774243078544
init_do=3568.0
init_pressure=1019.61
lat=None
lng=None
pid=unk25
pressure=[1027.6103125]
sid=af15
temp=[70.62812500000001]
batt_v=4.08
type=truck
ysi_do=0.00016505554249949904
message_time=20250711_19:55:01
