do=0.5704806708649177
init_do=3568.0
init_pressure=1020.14
lat=None
lng=None
pid=unk25
pressure=[1029.3313043478258]
sid=af15
temp=[70.82608695652173]
batt_v=4.1
type=truck
ysi_do=0.00599364859296888
message_time=20250711_18:33:44
