do=0.5647189401761552
init_do=3568.0
init_pressure=1021.2
lat=None
lng=None
pid=unk25
pressure=[1029.2995238095236]
sid=af15
temp=[73.9047619047619]
batt_v=4.15
type=truck
ysi_do=0.0003402476130377474
message_time=20250711_16:04:47
