do=0.5810316117809817
init_do=3568.0
init_pressure=1019.13
lat=None
lng=None
pid=unk25
pressure=[1027.88]
sid=af15
temp=[69.93809523809526]
batt_v=4.08
type=truck
ysi_do=0.00021825429327500929
message_time=20250711_20:48:18
