do=0.7772222222222221
init_do=3568.0
init_pressure=1019.61
lat=None
lng=None
pid=unk25
pressure=[1028.1372222222221]
sid=af15
temp=[70.67777777777778]
batt_v=4.08
type=truck
ysi_do=0.00018314539710491024
message_time=20250711_19:50:36
