do=0.5231686148341725
init_do=3568.0
init_pressure=1020.14
lat=None
lng=None
pid=unk25
pressure=[1029.1805555555557]
sid=af15
temp=[70.64999999999999]
batt_v=4.1
type=truck
ysi_do=0.00023113891778356893
message_time=20250711_18:42:19
