do=0.6196368406397262
init_do=3568.0
init_pressure=1020.17
lat=None
lng=None
pid=unk25
pressure=[1026.778888888889]
sid=af15
temp=[70.07777777777778]
batt_v=4.11
type=truck
ysi_do=0.0001516595755765927
message_time=20250712_22:45:16
