do=0.4935346272793727
init_do=3568.0
init_pressure=1020.14
lat=None
lng=None
pid=unk25
pressure=[1028.6871428571428]
sid=af15
temp=[70.37142857142857]
batt_v=4.1
type=truck
ysi_do=0.000183202986193409
message_time=20250711_18:47:24
