do=0.5944024627697172
init_do=3568.0
init_pressure=1020.14
lat=None
lng=None
pid=unk25
pressure=[1028.7836842105262]
sid=af15
temp=[71.2]
batt_v=4.11
type=truck
ysi_do=0.00520017653976283
message_time=20250711_18:13:17
