do=0.5667821202741767
init_do=3568.0
init_pressure=1020.1
lat=27.535461
lng=-80.351715
pid=unk25
pressure=[1029.5327777777775]
sid=af15
temp=[70.96111111111112]
batt_v=3.49
type=truck
ysi_do=0
message_time=20250711_13:38:43
