do=0.8207142857142858
init_do=3568.0
init_pressure=1018.85
lat=None
lng=None
pid=unk25
pressure=[1026.2085714285715]
sid=af15
temp=[70.07857142857144]
batt_v=3.57
type=truck
ysi_do=0
message_time=20250710_21:33:55
