do=0.569797548749788
init_do=3568.0
init_pressure=1019.61
lat=None
lng=None
pid=unk25
pressure=[1028.0326923076923]
sid=af15
temp=[70.31923076923077]
batt_v=4.09
type=truck
ysi_do=0.00018090787284394386
message_time=20250711_19:49:00
