do=0.6224142194684378
init_do=3568.0
init_pressure=1020.17
lat=None
lng=None
pid=unk25
pressure=[1028.8824390243904]
sid=af15
temp=[69.55121951219512]
batt_v=4.12
type=truck
ysi_do=0.0001407000770809992
message_time=20250712_22:20:38
