do=0.7511764705882352
init_do=3568.0
init_pressure=1020.04
lat=None
lng=None
pid=unk25
pressure=[1027.9664705882353]
sid=af15
temp=[70.36470588235295]
batt_v=4.1
type=truck
ysi_do=0.00020839481519745886
message_time=20250711_19:09:50
