do=0.584981377630101
init_do=3568.0
init_pressure=1018.85
lat=None
lng=None
pid=unk25
pressure=[1027.6424242424243]
sid=af15
temp=[69.63636363636364]
batt_v=3.57
type=truck
ysi_do=0
message_time=20250710_21:32:04
