do=0.5881891384813887
init_do=3568.0
init_pressure=1021.2
lat=None
lng=None
pid=unk25
pressure=[1029.840909090909]
sid=af15
temp=[70.68181818181817]
batt_v=3.47
type=truck
ysi_do=0
message_time=20250711_14:36:50
