do=0.503004264292855
init_do=3568.0
init_pressure=1019.61
lat=None
lng=None
pid=unk25
pressure=[1027.1310526315788]
sid=af15
temp=[69.87368421052632]
batt_v=4.08
type=truck
ysi_do=0.00020933527836963534
message_time=20250711_19:43:31
