do=0.5570519932000902
init_do=3568.0
init_pressure=1020.04
lat=None
lng=None
pid=unk25
pressure=[1028.3999999999999]
sid=af15
temp=[70.4]
batt_v=4.09
type=truck
ysi_do=0.00018917787861171068
message_time=20250711_19:16:13
