do=0.671989967438194
init_do=3568.0
init_pressure=1018.85
lat=27.535795
lng=-80.351656
pid=unk25
pressure=[1028.1244117647057]
sid=af15
temp=[69.66764705882353]
batt_v=3.57
type=truck
ysi_do=0
message_time=20250710_21:25:58
