do=0.5606418952960003
init_do=3568.0
init_pressure=1020.17
lat=None
lng=None
pid=unk25
pressure=[1027.8973333333333]
sid=af15
temp=[69.47666666666667]
batt_v=4.13
type=truck
ysi_do=0.0001361000953249167
message_time=20250712_21:52:41
