do=0.7131056104224327
init_do=3568.0
init_pressure=1020.17
lat=None
lng=None
pid=300
pressure=[1027.5383333333332]
sid=af15
temp=[69.57916666666667]
batt_v=4.13
type=truck
ysi_do=0.00013150324503068413
message_time=20250712_22:35:26
