do=0.5642776264360894
init_do=3568.0
init_pressure=1020.14
lat=None
lng=None
pid=unk25
pressure=[1028.678]
sid=af15
temp=[70.88000000000002]
batt_v=4.11
type=truck
ysi_do=0.003110320481304513
message_time=20250711_18:24:55
