do=0.8233333333333334
init_do=3568.0
init_pressure=1020.14
lat=None
lng=None
pid=unk25
pressure=[1029.4383333333333]
sid=af15
temp=[70.81666666666665]
batt_v=4.1
type=truck
ysi_do=4.745439472433519e-05
message_time=20250711_18:39:08
