do=0.6226001363852218
init_do=3568.0
init_pressure=1020.15
lat=None
lng=None
pid=300
pressure=[1027.78]
sid=af15
temp=[78.9076923076923]
batt_v=4.23
type=truck
ysi_do=0.00016951523743188374
message_time=20250712_20:09:26
