do=0.6368062744418699
init_do=3568.0
init_pressure=1020.1
lat=27.535808
lng=-80.35173
pid=unk25
pressure=[1029.1215789473686]
sid=af15
temp=[69.57894736842104]
batt_v=3.58
type=truck
ysi_do=0
message_time=20250710_21:07:09
