do=0.5323541684042828
init_do=3568.0
init_pressure=1020.15
lat=None
lng=None
pid=300
pressure=[1028.0709523809521]
sid=af15
temp=[76.79523809523808]
batt_v=4.22
type=truck
ysi_do=0.00014898040082860026
message_time=20250712_20:11:44
