do=0.5766812387408589
init_do=3568.0
init_pressure=1020.14
lat=None
lng=None
pid=unk25
pressure=[1029.0496296296294]
sid=af15
temp=[71.26296296296297]
batt_v=4.12
type=truck
ysi_do=0.004669615033391567
message_time=20250711_18:17:44
