do=0.8186666666666668
init_do=3568.0
init_pressure=1020.1
lat=27.535768
lng=-80.351796
pid=unk25
pressure=[1027.7826666666667]
sid=af15
temp=[69.40666666666667]
batt_v=3.58
type=truck
ysi_do=0
message_time=20250710_21:13:51
