do=0.4591626396917841
init_do=3568.0
init_pressure=1019.14
lat=None
lng=None
pid=unk25
pressure=[1026.8013333333333]
sid=af15
temp=[69.84666666666665]
batt_v=4.08
type=truck
ysi_do=0.00018031767920271234
message_time=20250711_20:26:57
