do=0.5395829098220631
init_do=3568.0
init_pressure=1018.85
lat=27.535801
lng=-80.351438
pid=unk25
pressure=[1027.788]
sid=af15
temp=[69.22666666666667]
batt_v=3.58
type=truck
ysi_do=0
message_time=20250710_21:24:16
