do=0.7355995243274448
init_do=3568.0
init_pressure=1019.61
lat=None
lng=None
pid=unk25
pressure=[1026.9142857142858]
sid=af15
temp=[70.23333333333332]
batt_v=4.08
type=truck
ysi_do=0.000205186665397249
message_time=20250711_19:46:44
