do=0.540235458357142
init_do=3568.0
init_pressure=1018.85
lat=27.536048
lng=-80.351788
pid=unk25
pressure=[1026.9368421052632]
sid=af15
temp=[70.01052631578946]
batt_v=3.57
type=truck
ysi_do=0
message_time=20250710_21:35:48
