do=0.5259512498463396
init_do=3568.0
init_pressure=1020.17
lat=None
lng=None
pid=unk25
pressure=[1028.2595833333335]
sid=af15
temp=[69.66666666666667]
batt_v=4.13
type=truck
ysi_do=0.00012196150117923946
message_time=20250712_22:23:45
