do=0.5841796947566787
init_do=3568.0
init_pressure=1020.14
lat=None
lng=None
pid=unk25
pressure=[1028.7723809523807]
sid=af15
temp=[71.01904761904761]
batt_v=4.11
type=truck
ysi_do=0.00319194499421291
message_time=20250711_18:25:51
